--
101 20 40
01 Syracuse 1000 1020 00 00
02 Binghamton 1100 1150 08 16
05 New_York 1200 1220 13 26 
06 Utica 1270 1300 15 30
--
102 20 40
01 Syracuse 1010 1040 00 00
02 Binghamton 1190 1220 08 16
05 New_York 1250 1260 13 26 
03 Vermont 1270 1280 08 16
06 Utica 1290 1290 15 30
--
103 20 40
01 Syracuse 1000 1020 00 00
03 Vermont 1030 1050 08 16
04 Newark 1100 1100 13 26 
--
104 20 40
01 Syracuse 1110 1130 00 00
02 Binghamton 1200 1220 08 16
05 New_York 1260 1280 13 26 
06 Utica 1290 1290 15 30
--
105 20 40
07 Buffalo 1000 1100 00 00
08 Toronto 1150 1180 08 16
09 Kingston 1200 1210 04 08
10 Ontario 1220 1220 10 20
--
106 20 40
11 San_Jose 1000 1020 00 00
12 San_Mateo 1100 1120 12 24
13 Mountain_View 1200 1210 15 30
14 Palo_Alto 1250 1280 07 14
15 San_Fransisco 1300 1300 10 20
--
107 20 40 
13 Mountain_View 980 1000 00 00
15 San_Fransisco 1050 1070 10 20
16 Sacremento 1100 1120 20 40
17 Jackson 1190 1200 14 28
18 Stockon 1250 1260 15 30
12 San_Mateo 1270 1280 12 24
19 Modesto 1290 1300 16 32
20 Fresno  1310 1310 20 40

